0.000000000000000000e+00
6.758705421816557646e-05
6.752953049726784229e-05
6.617654435103759170e-05
6.612049764953553677e-05
6.489298539236187935e-05
6.483832839876413345e-05
6.371475319610908628e-05
6.366137677105143666e-05
6.262681563384830952e-05
6.257455970626324415e-05
6.161711644381284714e-05
6.156588642625138164e-05
6.067731737857684493e-05
6.062700776965357363e-05
5.979877096251584589e-05
5.974936721031554043e-05
5.897495429962873459e-05
5.892635454074479640e-05
5.820013029733672738e-05
5.815237818751484156e-05
5.746779424953274429e-05
5.742075882153585553e-05
5.677422450389713049e-05
5.672789484378881752e-05
5.611548840533941984e-05
5.606986451311968267e-05
5.548757326323539019e-05
5.544259329326450825e-05
5.488837268785573542e-05
5.484400389832444489e-05
5.431524914456531405e-05
5.427142605185508728e-05
5.376619446906261146e-05
5.372294981498271227e-05
5.323949153535068035e-05
5.319681804394349456e-05
5.273321221466176212e-05
5.269101893645711243e-05
