0.000000000000000000e+00
2.227099685114808381e-05
2.226697324658744037e-05
4.905945388600230217e-06
4.904894922219682485e-06
4.836043444811366498e-06
4.835358595300931484e-06
5.846167823619907722e-06
5.845839496032567695e-06
6.582996775250649080e-06
6.582930382137419656e-06
7.925643330963794142e-06
7.925643330963794142e-06
8.703332241566386074e-06
8.703245839569717646e-06
9.978363777918275446e-06
9.977943591366056353e-06
1.192867057397961617e-05
1.192751824419246987e-05
1.349479316559154540e-05
1.349260583083378151e-05
1.549224907648749650e-05
1.548876753076910973e-05
1.771419738361146301e-05
1.770942435541655868e-05
1.920828617585357279e-05
1.920252725540194660e-05
2.009801028179936111e-05
2.009180388995446265e-05
2.037955528066959232e-05
2.037320518866181374e-05
2.024545392487198114e-05
2.023914748860988766e-05
2.011414471780881286e-05
2.010787829931359738e-05
1.998560037463903427e-05
1.997937033593188971e-05
1.985601556953042746e-05
1.984982372960075736e-05
