0.000000000000000000e+00
2.829849108820781112e-05
2.825116825988516212e-05
2.803985807986464351e-05
2.799421963572967798e-05
2.784430216706823558e-05
2.779952228593174368e-05
2.756736466835718602e-05
2.752358341240324080e-05
2.725957710936199874e-05
2.721683631534688175e-05
2.693625174288172275e-05
2.689452776394318789e-05
2.668217348400503397e-05
2.664135354280006140e-05
2.648191730258986354e-05
2.644190863065887243e-05
2.632611358421854675e-05
2.628693437145557255e-05
2.599785511847585440e-05
2.595981641206890345e-05
2.555964783823583275e-05
2.552285332058090717e-05
2.511030106688849628e-05
2.507466888346243650e-05
2.466005025780759752e-05
2.462560951244086027e-05
2.424405101919546723e-05
2.421072167635429651e-05
2.382949423918034881e-05
2.379734360147267580e-05
2.343492815271019936e-05
2.340412902412936091e-05
2.305002635694108903e-05
2.302074790350161493e-05
2.267471973027568310e-05
2.264693648612592369e-05
2.230927384516689926e-05
2.228292396466713399e-05
