0.000000000000000000e+00
2.896759724535513669e-05
2.896317892009392381e-05
2.799552203214261681e-05
2.799147659970913082e-05
2.769900311250239611e-05
2.769503589661326259e-05
2.734025474637746811e-05
2.733638029894791543e-05
2.701137418625876307e-05
2.700759796425700188e-05
2.670667527127079666e-05
2.670297908480279148e-05
2.640356979100033641e-05
2.639997728692833334e-05
2.610172850836534053e-05
2.609821967780590057e-05
2.575660982984118164e-05
2.575322105258237571e-05
2.539268643886316568e-05
2.538941043894737959e-05
2.509006117179524153e-05
2.508690158720128238e-05
2.474735447322018445e-05
2.474430220900103450e-05
2.439830495859496295e-05
2.439534546283539385e-05
2.408490763627924025e-05
2.408205364190507680e-05
2.380677688051946461e-05
2.380399746471084654e-05
2.357559969823341817e-05
2.357289849896915257e-05
2.336770376132335514e-05
2.336508805456105620e-05
2.318501901754643768e-05
2.318247607036028057e-05
2.303146357007790357e-05
2.302900247741490602e-05
