0.000000000000000000e+00
5.489277100423350930e-05
5.488760143634863198e-05
5.460523607325740159e-05
5.460025568027049303e-05
5.432386751635931432e-05
5.431909448816441000e-05
5.404905095929279923e-05
5.404448529588989913e-05
5.377992420108057559e-05
5.377554043661803007e-05
5.351693471311591566e-05
5.351271829567849636e-05
5.325955862645059824e-05
5.325552410795353353e-05
5.300783959683030844e-05
5.300396151142194867e-05
5.276152296573854983e-05
5.275779767544008791e-05
5.252034316072240472e-05
5.251676338957622647e-05
5.228466034168377519e-05
5.228123336564749479e-05
5.205380148254334927e-05
5.205050547374412417e-05
5.182810491533018649e-05
5.182494714972563088e-05
5.160698492545634508e-05
5.160395812708884478e-05
5.139056520420126617e-05
5.138765845913439989e-05
5.117891851114109159e-05
5.117612818139605224e-05
5.097143366583622992e-05
5.096875247545540333e-05
5.076835441286675632e-05
5.076579691376537085e-05
5.056960435467772186e-05
5.056713416706770658e-05
