0.000000000000000000e+00
4.236225504428148270e-05
4.232017818139865994e-05
4.171095861238427460e-05
4.166978760622441769e-05
4.116761192562989891e-05
4.112733586225658655e-05
4.092827293789014220e-05
4.088845889782533050e-05
4.077597623108886182e-05
4.073642776347696781e-05
4.061996150994673371e-05
4.058065314893610775e-05
4.047538095619529486e-05
4.043633452965877950e-05
4.032106153317727149e-05
4.028219700558111072e-05
4.017168612335808575e-05
4.013301804661750793e-05
4.001349225291050971e-05
3.997504609287716448e-05
3.987102900282479823e-05
3.983276837971061468e-05
3.972804188379086554e-05
3.968997043557465076e-05
3.959188688895665109e-05
3.955398278776556253e-05
3.946536162402480841e-05
3.942760304198600352e-05
3.934685082640498877e-05
3.930921229766681790e-05
3.921017196262255311e-05
3.917267531505785882e-05
3.903536708094179630e-05
3.899807052221149206e-05
3.884093530359677970e-05
3.880384974763728678e-05
3.864925747620873153e-05
3.861236837110482156e-05
