0.000000000000000000e+00
6.647207192145287991e-05
6.630997086176648736e-05
6.503767508547753096e-05
6.501365714939311147e-05
6.362871499732136726e-05
6.360619590850546956e-05
6.219563510967418551e-05
6.217498594196513295e-05
6.027102790540084243e-05
6.025226684869267046e-05
5.840704761794768274e-05
5.838982906425371766e-05
5.740668711951002479e-05
5.739029438700526953e-05
5.672873157891444862e-05
5.671325561706908047e-05
5.599093128694221377e-05
5.597621202468872070e-05
5.538071491173468530e-05
5.536678872886113822e-05
5.491211049957200885e-05
5.489873365149833262e-05
5.463124762172810733e-05
5.461841647047549486e-05
5.443312329589389265e-05
5.442097244667820632e-05
5.424109258456155658e-05
5.422948379418812692e-05
5.383425741456449032e-05
5.382329254643991590e-05
5.329832129064016044e-05
5.328793122316710651e-05
5.262335616862401366e-05
5.261365367914550006e-05
5.178747233003377914e-05
5.177844650461338460e-05
5.126764153828844428e-05
5.125926691107451916e-05
