0.000000000000000000e+00
2.557562584115657955e-05
2.557215520937461406e-05
2.333029442525003105e-05
2.332746771571692079e-05
2.057824349321890622e-05
2.057642450381536037e-05
1.736848389555234462e-05
1.736765989335253835e-05
1.577344664838165045e-05
1.577316834300290793e-05
1.597093614691402763e-05
1.597093614691402763e-05
1.629354301257990301e-05
1.629354119359049946e-05
1.683627669990528375e-05
1.683615118963643909e-05
1.813288690755143762e-05
1.813243579817935824e-05
2.074356598313897848e-05
2.074256735795643181e-05
2.239972127426881343e-05
2.239787863800302148e-05
2.513682738936040550e-05
2.513362414902076125e-05
2.860423228412400931e-05
2.859963387891184539e-05
3.151101191178895533e-05
3.150424163322895765e-05
3.846827530651353300e-05
3.845715036732144654e-05
1.213374889630358666e-05
1.213374889630358666e-05
7.290896519407397136e-06
7.290896519407397136e-06
7.214368451968766749e-06
7.214368451968766749e-06
7.263812676683301106e-06
7.263812676683301106e-06
