0.000000000000000000e+00
2.599664912850130349e-05
2.592684722912963480e-05
4.294481641409220174e-06
4.294363861845340580e-06
2.508879106244421564e-06
2.508825218683341518e-06
1.725993456602736842e-06
1.725969468679977581e-06
1.295691959057876375e-06
1.295678998758376110e-06
1.078439481716486625e-06
1.078432433132547885e-06
9.847619821812259033e-07
9.847607316260109656e-07
9.566036851538228802e-07
9.566036851538228802e-07
9.595635219739051536e-07
9.595635219739051536e-07
9.748764568939805031e-07
9.748765705808182247e-07
9.931573003996163607e-07
9.931573003996163607e-07
1.010188384498178493e-06
1.010188384498178493e-06
1.024473363031574991e-06
1.024473363031574991e-06
1.035785203384875786e-06
1.035785203384875786e-06
1.044399596139555797e-06
1.044399596139555797e-06
1.050814944392186590e-06
1.050814944392186590e-06
1.055489974532974884e-06
1.055489974532974884e-06
1.058862721947662067e-06
1.058862721947662067e-06
1.061234002008859534e-06
1.061234002008859534e-06
