0.000000000000000000e+00
2.456874426570720971e-05
2.456783295201603323e-05
1.867261198640335351e-05
1.867206083261407912e-05
1.778935074980836362e-05
1.778898695192765445e-05
1.695199898676946759e-05
1.695171340543311089e-05
1.644194162508938462e-05
1.644170151848811656e-05
1.606751175131648779e-05
1.606730984349269420e-05
1.583173434482887387e-05
1.583155972184613347e-05
1.564507147122640163e-05
1.564492231409531087e-05
1.545228769828099757e-05
1.545216400700155646e-05
1.529119617771357298e-05
1.529109431430697441e-05
1.515330586698837578e-05
1.515321855549700558e-05
1.503119347034953535e-05
1.503118619439192116e-05
1.492302180849947035e-05
1.492301453254185617e-05
1.484455333411460742e-05
1.484454332967288792e-05
1.478712511016055942e-05
1.478712147218175232e-05
1.473841166443889961e-05
1.473840802646009251e-05
1.470193001296138391e-05
1.470193001296138391e-05
1.467613947170320898e-05
1.467613947170320898e-05
1.464986962673719972e-05
1.464986962673719972e-05
